0.419471
0.580767
0.366019
0.484113
0.414117
0.386537
0.461775
0.567242
0.567242
0.5625
0.508274
0.459511
0.392926
0.43325
0.472434
0.540441
0.62504
0.62504
0.553147
0.553147
0.503418
0.601076
0.48332
0.553138
0.608865
0.602515
0.59069
0.563232
0.532918
0.532918
0.580448
0.535235
0.593884
0.56347
0.598429
0.578467
0.526766
0.532755
0.594402
0.572346
0.607815
0.566609
0.570587
0.590779
0.573006
0.596102
0.586654
0.596102
0.625168
0.625168
0.608079
0.564749
0.558794
0.555565
0.530981
0.622258
0.542334
0.564225
0.550719
0.551648
0.55365
0.561723
0.569124
0.55828
0.630335
0.544994
0.519311
0.521591
0.553915
0.553471
0.56834
0.496689
0.484015
0.581741
0.457377
0.443916
0.563751
0.464619
